Train X Data (Shape: (10181, 307, 3, 12)):
[[[[-0.92810273 -0.93449342 -0.87058653 ... -0.27625247 -0.41045693
    -0.41684762]
   [-0.91151028 -0.91777933 -0.87807536 ... -0.62313411 -0.67328649
    -0.67537617]
   [ 0.54617551  0.47213358  0.60787711 ...  0.27468846  0.2993691
     0.39809166]]

  [[-0.96644686 -1.06869788 -1.14538615 ... -0.35933142 -0.64052173
    -0.44241038]
   [-0.8383714  -0.90524123 -0.93031742 ... -0.36192382 -0.51029127
    -0.31804049]
   [ 0.60787711  0.63255775  0.48447391 ...  0.06490301 -0.02147924
    -0.37934853]]

  [[-0.74916344 -0.72360068 -0.81946102 ... -0.3145966  -0.43601969
    -0.72999137]
   [-0.77359124 -0.74642537 -0.81747457 ... -0.51029127 -0.58343015
    -0.73597696]
   [ 0.58319647  0.53383519  0.64489807 ...  0.44745294  0.39809166
     0.41043198]]

  ...

  [[-0.96644686 -0.9984003  -0.89614928 ... -0.16122007  0.11357955
    -0.22512696]
   [-0.86762695 -0.87598568 -0.82792299 ... -0.39744842 -0.26370875
    -0.45386984]
   [ 0.48447391  0.31170942  0.39809166 ...  0.22532717  0.21298685
     0.25000782]]

  [[-1.01757237 -1.13260477 -1.12621408 ... -0.60856829 -0.59578691
    -0.72360068]
   [-0.9094206  -0.96793171 -0.96166266 ... -0.67746586 -0.66701744
    -0.75269442]
   [ 0.74362064  0.69425935  0.65723839 ...  0.63255775  0.58319647
     0.65723839]]

  [[-1.08147926 -1.10065132 -1.03674444 ... -0.57022415 -0.51909864
    -0.60856829]
   [-0.87598568 -0.89479282 -0.84046108 ... -0.42879365 -0.37446191
    -0.46431825]
   [ 0.58319647  0.65723839  0.74362064 ...  0.47213358  0.3610707
     0.34873038]]]


 [[[-0.93449342 -0.87058653 -0.7747262  ... -0.41045693 -0.41684762
    -0.39767556]
   [-0.91777933 -0.87807536 -0.8383714  ... -0.67328649 -0.67537617
    -0.67746586]
   [ 0.47213358  0.60787711  0.53383519 ...  0.2993691   0.39809166
     0.45979326]]

  [[-1.06869788 -1.14538615 -1.02396306 ... -0.64052173 -0.44241038
    -0.42323831]
   [-0.90524123 -0.93031742 -0.88643409 ... -0.51029127 -0.31804049
    -0.36610318]
   [ 0.63255775  0.48447391  0.74362064 ... -0.02147924 -0.37934853
    -0.36700821]]

  [[-0.72360068 -0.81946102 -0.72360068 ... -0.43601969 -0.72999137
    -0.48075451]
   [-0.74642537 -0.81747457 -0.76314283 ... -0.58343015 -0.73597696
    -0.61686507]
   [ 0.53383519  0.64489807  0.66957871 ...  0.39809166  0.41043198
     0.48447391]]

  ...

  [[-0.9984003  -0.89614928 -0.51909864 ...  0.11357955 -0.22512696
    -0.11009456]
   [-0.87598568 -0.82792299 -0.63985157 ... -0.26370875 -0.45386984
    -0.38908969]
   [ 0.31170942  0.39809166  0.53383519 ...  0.21298685  0.25000782
     0.27468846]]

  [[-1.13260477 -1.12621408 -0.91532135 ... -0.59578691 -0.72360068
    -0.67886586]
   [-0.96793171 -0.96166266 -0.84046108 ... -0.66701744 -0.75269442
    -0.7192595 ]
   [ 0.69425935  0.65723839  0.62021743 ...  0.58319647  0.65723839
     0.66957871]]

  [[-1.10065132 -1.03674444 -0.80667964 ... -0.51909864 -0.60856829
    -0.64691242]
   [-0.89479282 -0.84046108 -0.65656903 ... -0.37446191 -0.46431825
    -0.50820158]
   [ 0.65723839  0.74362064  0.65723839 ...  0.3610707   0.34873038
     0.44745294]]]


 [[[-0.87058653 -0.7747262  -0.66608449 ... -0.41684762 -0.39767556
    -0.28903385]
   [-0.87807536 -0.8383714  -0.77150156 ... -0.67537617 -0.67746586
    -0.16340399]
   [ 0.60787711  0.53383519  0.48447391 ...  0.39809166  0.45979326
    -0.55211302]]

  [[-1.14538615 -1.02396306 -1.09426064 ... -0.44241038 -0.42323831
    -0.67247517]
   [-0.93031742 -0.88643409 -0.90315155 ... -0.31804049 -0.36610318
    -0.55835396]
   [ 0.48447391  0.74362064  0.57085615 ... -0.37934853 -0.36700821
    -0.36700821]]

  [[-0.81946102 -0.72360068 -0.34015936 ... -0.72999137 -0.48075451
    -0.71081931]
   [-0.81747457 -0.76314283 -0.53327777 ... -0.73597696 -0.61686507
    -0.73806664]
   [ 0.64489807  0.66957871  0.47213358 ...  0.41043198  0.48447391
     0.54617551]]

  ...

  [[-0.89614928 -0.51909864 -0.04618767 ... -0.22512696 -0.11009456
    -0.21873627]
   [-0.82792299 -0.63985157 -0.37237223 ... -0.45386984 -0.38908969
    -0.46222857]
   [ 0.39809166  0.53383519  0.54617551 ...  0.25000782  0.27468846
     0.33639006]]

  [[-1.12621408 -0.91532135 -0.92171204 ... -0.72360068 -0.67886586
    -0.71081931]
   [-0.96166266 -0.84046108 -0.85090949 ... -0.75269442 -0.7192595
    -0.74015633]
   [ 0.65723839  0.62021743  0.54617551 ...  0.65723839  0.66957871
     0.66957871]]

  [[-1.03674444 -0.80667964 -0.6596938  ... -0.60856829 -0.64691242
    -0.79389826]
   [-0.84046108 -0.65656903 -0.52909841 ... -0.46431825 -0.50820158
    -0.64403094]
   [ 0.74362064  0.65723839  0.64489807 ...  0.34873038  0.44745294
     0.58319647]]]


 ...


 [[[ 0.05606335  0.29890953  0.29890953 ...  0.4267233   1.14248045
     0.98910392]
   [ 1.3662435   1.54595619  1.46863794 ...  1.61700539  1.8886641
     3.6669838 ]
   [-3.69889475 -3.52613026 -3.67421411 ... -3.67421411 -3.5508109
    -3.56315122]]

  [[ 0.06245404  0.70152292  0.47784881 ... -0.09092249  0.11357955
    -0.22512696]
   [ 0.72262133  1.65461967  1.23877288 ...  0.21900788  0.28169835
    -0.05265083]
   [-2.168695   -2.27975789 -2.14401436 ... -0.97168391 -0.5397727
    -0.25594533]]

  [[-0.11009456  0.74625774  0.08162611 ...  0.06884473  0.29890953
     0.3116909 ]
   [ 0.68291737  1.71313078  0.73515943 ...  0.88770624  0.99636972
     0.8333745 ]
   [-4.24186885 -4.19250757 -4.16782693 ... -4.53803654 -4.22952853
    -3.84697859]]

  ...

  [[ 1.75598657  2.0819117   1.69207969 ...  2.30558581  2.22889755
     2.22889755]
   [ 6.61552562  4.69928689  0.77277371 ...  1.16145463  1.24922129
     1.32027049]
   [-5.71036699 -5.40185898 -2.77337071 ... -0.1819034  -0.39168885
    -0.68785654]]

  [[-0.05896905  0.10718886 -0.12287594 ... -0.22512696 -0.46158244
    -0.30181522]
   [-0.26997779 -0.19474923 -0.29505398 ... -0.35565477 -0.50402222
    -0.34311668]
   [ 0.7806416   0.81766256  0.70659967 ...  0.58319647  0.59553679
     0.27468846]]

  [[ 0.27973746  0.2541747   0.20304919 ...  0.43311399  0.38198848
     0.44589537]
   [ 3.39114572  2.5051204   0.99845941 ...  1.07786734  0.78531181
     0.72053165]
   [-2.76103039 -2.56358526 -2.20571597 ... -2.02061116 -1.66274186
    -1.26785161]]]


 [[[ 0.29890953  0.29890953  0.15192368 ...  1.14248045  0.98910392
     1.41728007]
   [ 1.54595619  1.46863794  1.05279115 ...  1.8886641   3.6669838
     2.49049262]
   [-3.52613026 -3.67421411 -3.77293667 ... -3.5508109  -3.56315122
    -3.63719315]]

  [[ 0.70152292  0.47784881  0.3116909  ...  0.11357955 -0.22512696
     0.02410991]
   [ 1.65461967  1.23877288  0.61186817 ...  0.28169835 -0.05265083
     0.07064043]
   [-2.27975789 -2.14401436 -1.47763706 ... -0.5397727  -0.25594533
     0.22532717]]

  [[ 0.74625774  0.08162611  0.22861195 ...  0.29890953  0.3116909
     0.50341157]
   [ 1.71313078  0.73515943  0.6557515  ...  0.99636972  0.8333745
     0.37573406]
   [-4.19250757 -4.16782693 -3.73591571 ... -4.22952853 -3.84697859
    -2.77337071]]

  ...

  [[ 2.0819117   1.69207969  1.8007214  ...  2.22889755  2.22889755
     2.15220928]
   [ 4.69928689  0.77277371  0.85845069 ...  1.24922129  1.32027049
     0.98592131]
   [-5.40185898 -2.77337071 -1.5023177  ... -0.39168885 -0.68785654
    -0.31764693]]

  [[ 0.10718886 -0.12287594 -0.0845318  ... -0.46158244 -0.30181522
    -0.28264316]
   [-0.19474923 -0.29505398 -0.27415716 ... -0.50402222 -0.34311668
    -0.39744842]
   [ 0.81766256  0.70659967  0.66957871 ...  0.59553679  0.27468846
     0.45979326]]

  [[ 0.2541747   0.20304919  0.01132853 ...  0.38198848  0.44589537
     0.42033261]
   [ 2.5051204   0.99845941  2.89380132 ...  0.78531181  0.72053165
     0.66411023]
   [-2.56358526 -2.20571597 -2.4648627  ... -1.66274186 -1.26785161
    -1.05806616]]]


 [[[ 0.29890953  0.15192368  0.09440748 ...  0.98910392  1.41728007
     1.71125175]
   [ 1.46863794  1.05279115  1.67133713 ...  3.6669838   2.49049262
     2.45287834]
   [-3.67421411 -3.77293667 -3.6125125  ... -3.56315122 -3.63719315
    -3.47676898]]

  [[ 0.47784881  0.3116909   0.73986705 ... -0.22512696  0.02410991
    -0.22512696]
   [ 1.23877288  0.61186817  1.22623479 ... -0.05265083  0.07064043
    -0.10698257]
   [-2.14401436 -1.47763706 -1.31721289 ... -0.25594533  0.22532717
     0.2993691 ]]

  [[ 0.08162611  0.22861195  0.35642572 ...  0.3116909   0.50341157
     0.63122534]
   [ 0.73515943  0.6557515   1.16772368 ...  0.8333745   0.37573406
     0.24199439]
   [-4.16782693 -3.73591571 -3.88399956 ... -3.84697859 -2.77337071
    -1.6874225 ]]

  ...

  [[ 1.69207969  1.8007214   1.89658173 ...  2.22889755  2.15220928
     2.37588339]
   [ 0.77277371  0.85845069  0.90024434 ...  1.32027049  0.98592131
     1.28056653]
   [-2.77337071 -1.5023177  -0.86062103 ... -0.68785654 -0.31764693
    -0.45339045]]

  [[-0.12287594 -0.0845318  -0.34655004 ... -0.30181522 -0.28264316
    -0.40406624]
   [-0.29505398 -0.27415716 -0.44342143 ... -0.34311668 -0.39744842
    -0.49148412]
   [ 0.70659967  0.66957871  0.55851583 ...  0.27468846  0.45979326
     0.58319647]]

  [[ 0.20304919  0.01132853  0.15192368 ...  0.44589537  0.42033261
     0.04328197]
   [ 0.99845941  2.89380132  3.80699252 ...  0.72053165  0.66411023
     0.22945629]
   [-2.20571597 -2.4648627  -2.39082077 ... -1.26785161 -1.05806616
    -0.77423879]]]]

Train Target Data (Shape: (10181, 307, 12)):
[[[145. 162. 126. ... 104. 111. 116.]
  [141. 102. 127. ... 117. 128.  93.]
  [132.  96. 109. ... 109.  78. 146.]
  ...
  [190. 173. 154. ... 143. 133. 127.]
  [101.  96.  88. ...  83.  57.  70.]
  [106.  83. 100. ...  97. 100.  74.]]

 [[162. 126. 135. ... 111. 116.  96.]
  [102. 127. 129. ... 128.  93.  82.]
  [ 96. 109.  66. ...  78. 146.  92.]
  ...
  [173. 154. 173. ... 133. 127. 120.]
  [ 96.  88.  62. ...  57.  70.  70.]
  [ 83. 100. 102. ... 100.  74.  84.]]

 [[126. 135. 138. ... 116.  96.  92.]
  [127. 129. 101. ...  93.  82.  88.]
  [109.  66.  60. ... 146.  92.  32.]
  ...
  [154. 173. 148. ... 127. 120. 109.]
  [ 88.  62.  90. ...  70.  70.  75.]
  [100. 102. 109. ...  74.  84.  76.]]

 ...

 [[429. 475. 434. ... 228. 409. 416.]
  [211. 172. 162. ... 311. 293. 383.]
  [286. 306. 382. ... 249. 362. 289.]
  ...
  [544. 579. 562. ... 538. 538. 625.]
  [163. 144. 146. ... 170. 140. 145.]
  [273. 214. 228. ... 261. 234. 235.]]

 [[475. 434. 483. ... 409. 416. 522.]
  [172. 162. 186. ... 293. 383. 299.]
  [306. 382. 306. ... 362. 289. 419.]
  ...
  [579. 562. 527. ... 538. 625. 562.]
  [144. 146. 153. ... 140. 145. 155.]
  [214. 228. 232. ... 234. 235. 239.]]

 [[434. 483. 469. ... 416. 522. 440.]
  [162. 186. 169. ... 383. 299. 345.]
  [382. 306. 462. ... 289. 419. 320.]
  ...
  [562. 527. 550. ... 625. 562. 586.]
  [146. 153. 145. ... 145. 155. 161.]
  [228. 232. 220. ... 235. 239. 266.]]]

Train Timestamp Data (Shape: (10181, 1)):
[[   12]
 [   13]
 [   14]
 ...
 [10190]
 [10191]
 [10192]]

